68 102
                                                                                                      
                                                                                                      
                                                                                                      
                                                                                                      
                                                                                                      
                                                                                                      
                                                                                                      
                                                                                                      
                                                                                                      
                                                                                                      
                                                                                                      
                                                                                                      
                                                                                                      
                                                                                                      
                                                                                                      
                                                                                                      
                                                                                                      
                                                                                                      
                                                                                                      
                                                                                                      
                                                                                                      
                                                                                                      
                                                                                                      
                                                                                                      
                                                                                                      
                                                                                                      
                                                                                                      
                                                                                                      
                                                                                                      
                                                                                                      
                                                                                                      
                                                                                                      
                                                                                                      
                                                                                                      
                                                                                                      
                                                                                                      
                                                                                                      
                                                                                                      
                                                                                                      
                                                                                                      
                                                                                                      
                                                                                                      
                                                                                                      
                                                                                                      
                                                                                                      
                                                                                                      
                                                                                                      
                                                                                                      
                                                                                                      
                                                                                                      
                                                                                                      
                                                                                                      
                                                                                                      
                                                                                                      
                                                                                                      
                                                                                                      
                                                                                                      
                                                                                                      
                                                                                                      
                                                                                                      
                                                                                                      
                                                                                                      
                                                                                                      
                                                                                                      
                                                                                                      
                                                                                                      
                                                                                                      
                                                                                                      
0
